B_rad vs Angle
Distance*360/2/pi/17.5e-3 [meter]
BN3 []
__cartesian__ 0 0 0.000000 -0.556325 360.000000 0.556066
__settings__ 1 0 0 0 11 11 0 0 0 0
0 -1.61998e-006
0.36 -0.00355217
0.72 -0.00709117
1.08 -0.0106173
1.44 -0.0138316
1.8 -0.0172913
2.16 -0.0208344
2.52 -0.0243827
2.88 -0.0279354
3.24 -0.0314916
3.6 -0.0350503
3.96 -0.0386106
4.32 -0.04188
4.68 -0.0451077
5.04 -0.048651
5.4 -0.0521921
5.76 -0.0557308
6.12 -0.0592668
6.48 -0.0627998
6.84 -0.0663297
7.2 -0.0697912
7.56 -0.0731192
7.92 -0.0765858
8.28 -0.0800511
8.64 -0.0835144
9 -0.0869751
9.36 -0.0904325
9.72 -0.0938859
10.08 -0.0973347
10.44 -0.100748
10.8 -0.104168
11.16 -0.10759
11.52 -0.111014
11.88 -0.11444
12.24 -0.117869
12.6 -0.121299
12.96 -0.124733
13.32 -0.128169
13.68 -0.131607
14.04 -0.135049
14.4 -0.138493
14.76 -0.141746
15.12 -0.144897
15.48 -0.148228
15.84 -0.151588
16.2 -0.154979
16.56 -0.158401
16.92 -0.161853
17.28 -0.165335
17.64 -0.168848
18 -0.172134
18.36 -0.1753
18.72 -0.178486
19.08 -0.181692
19.44 -0.184925
19.8 -0.188217
20.16 -0.191515
20.52 -0.194817
20.88 -0.198123
21.24 -0.201434
21.6 -0.204748
21.96 -0.208065
22.32 -0.211385
22.68 -0.214699
23.04 -0.217709
23.4 -0.220733
23.76 -0.223889
24.12 -0.227129
24.48 -0.230379
24.84 -0.23364
25.2 -0.236873
25.56 -0.240035
25.92 -0.243199
26.28 -0.246364
26.64 -0.249493
27 -0.252543
27.36 -0.255441
27.72 -0.258518
28.08 -0.261682
28.44 -0.264855
28.8 -0.268037
29.16 -0.271094
29.52 -0.274107
29.88 -0.277146
30.24 -0.280212
30.6 -0.283261
30.96 -0.286215
31.32 -0.288902
31.68 -0.291876
32.04 -0.294853
32.4 -0.297824
32.76 -0.30079
33.12 -0.30375
33.48 -0.306705
33.84 -0.309654
34.2 -0.312598
34.56 -0.315536
34.92 -0.318348
35.28 -0.321116
35.64 -0.323911
36 -0.326729
36.36 -0.329572
36.72 -0.332438
37.08 -0.335326
37.44 -0.338236
37.8 -0.340909
38.16 -0.343578
38.52 -0.346326
38.88 -0.34908
39.24 -0.351841
39.6 -0.354608
39.96 -0.357381
40.32 -0.36016
40.68 -0.362672
41.04 -0.365149
41.4 -0.367749
41.76 -0.37036
42.12 -0.37298
42.48 -0.375609
42.84 -0.378246
43.2 -0.38089
43.56 -0.383476
43.92 -0.38585
44.28 -0.388319
44.64 -0.390783
45 -0.39324
45.36 -0.395689
45.72 -0.39813
46.08 -0.400562
46.44 -0.402985
46.8 -0.405373
47.16 -0.407799
47.52 -0.410272
47.88 -0.412793
48.24 -0.415362
48.6 -0.417644
48.96 -0.419749
49.32 -0.421893
49.68 -0.424076
50.04 -0.426299
50.4 -0.428561
50.76 -0.430864
51.12 -0.433167
51.48 -0.435223
51.84 -0.437253
52.2 -0.43932
52.56 -0.441396
52.92 -0.443481
53.28 -0.445575
53.64 -0.447676
54 -0.449786
54.36 -0.451904
54.72 -0.454029
55.08 -0.456163
55.44 -0.458304
55.8 -0.460339
56.16 -0.462139
56.52 -0.46396
56.88 -0.465802
57.24 -0.467663
57.6 -0.469542
57.96 -0.471438
58.32 -0.473352
58.68 -0.475281
59.04 -0.477197
59.4 -0.478798
59.76 -0.480413
60.12 -0.482162
60.48 -0.483955
60.84 -0.485768
61.2 -0.487601
61.56 -0.489293
61.92 -0.490912
62.28 -0.49255
62.64 -0.494207
63 -0.495755
63.36 -0.497248
63.72 -0.498742
64.08 -0.500211
64.44 -0.501689
64.8 -0.503175
65.16 -0.50467
65.52 -0.506173
65.88 -0.507684
66.24 -0.509203
66.6 -0.510728
66.96 -0.512144
67.32 -0.513316
67.68 -0.514533
68.04 -0.515775
68.4 -0.51702
68.76 -0.518267
69.12 -0.519516
69.48 -0.520766
69.84 -0.522016
70.2 -0.523267
70.56 -0.524518
70.92 -0.525646
71.28 -0.526797
71.64 -0.528057
72 -0.529426
72.36 -0.530649
72.72 -0.531463
73.08 -0.53231
73.44 -0.533189
73.8 -0.534102
74.16 -0.535047
74.52 -0.536027
74.88 -0.537041
75.24 -0.538094
75.6 -0.538755
75.96 -0.539463
76.32 -0.540186
76.68 -0.540923
77.04 -0.541675
77.4 -0.542441
77.76 -0.543222
78.12 -0.544017
78.48 -0.544827
78.84 -0.545652
79.2 -0.546492
79.56 -0.547347
79.92 -0.54792
80.28 -0.548321
80.64 -0.548753
81 -0.549213
81.36 -0.549703
81.72 -0.55022
82.08 -0.550765
82.44 -0.551337
82.8 -0.551935
83.16 -0.552392
83.52 -0.552756
83.88 -0.553076
84.24 -0.553354
84.6 -0.553644
84.96 -0.553946
85.32 -0.554258
85.68 -0.554582
86.04 -0.554916
86.4 -0.55526
86.76 -0.55552
87.12 -0.555681
87.48 -0.555825
87.84 -0.555855
88.2 -0.555894
88.56 -0.555943
88.92 -0.556003
89.28 -0.556073
89.64 -0.556153
90 -0.556244
90.36 -0.556325
90.72 -0.556283
91.08 -0.556244
91.44 -0.556019
91.8 -0.555814
92.16 -0.55563
92.52 -0.555465
92.88 -0.555322
93.24 -0.5552
93.6 -0.555099
93.96 -0.555021
94.32 -0.554929
94.68 -0.554464
95.04 -0.554019
95.4 -0.553592
95.76 -0.553185
96.12 -0.552797
96.48 -0.552428
96.84 -0.552077
97.2 -0.551746
97.56 -0.551433
97.92 -0.551133
98.28 -0.550655
98.64 -0.550033
99 -0.549369
99.36 -0.548721
99.72 -0.548089
100.08 -0.547472
100.44 -0.546872
100.8 -0.546287
101.16 -0.545718
101.52 -0.545164
101.88 -0.544501
102.24 -0.543845
102.6 -0.543093
102.96 -0.542165
103.32 -0.541252
103.68 -0.540353
104.04 -0.53947
104.4 -0.538603
104.76 -0.537751
105.12 -0.536916
105.48 -0.5361
105.84 -0.535352
106.2 -0.534395
106.56 -0.533291
106.92 -0.532155
107.28 -0.531032
107.64 -0.529922
108 -0.528826
108.36 -0.527744
108.72 -0.526677
109.08 -0.525623
109.44 -0.524585
109.8 -0.523491
110.16 -0.522148
110.52 -0.520823
110.88 -0.519514
111.24 -0.518222
111.6 -0.516945
111.96 -0.515685
112.32 -0.514439
112.68 -0.513207
113.04 -0.511991
113.4 -0.51071
113.76 -0.509206
114.12 -0.507686
114.48 -0.506168
114.84 -0.504656
115.2 -0.503149
115.56 -0.501648
115.92 -0.500151
116.28 -0.498659
116.64 -0.497171
117 -0.495724
117.36 -0.494182
117.72 -0.492501
118.08 -0.490833
118.44 -0.489203
118.8 -0.487611
119.16 -0.485965
119.52 -0.484079
119.88 -0.482229
120.24 -0.480416
120.6 -0.478643
120.96 -0.477007
121.32 -0.475381
121.68 -0.473515
122.04 -0.471579
122.4 -0.469641
122.76 -0.4677
123.12 -0.465756
123.48 -0.463811
123.84 -0.461865
124.2 -0.459918
124.56 -0.457971
124.92 -0.45601
125.28 -0.454092
125.64 -0.452253
126 -0.450494
126.36 -0.448555
126.72 -0.446193
127.08 -0.443875
127.44 -0.441599
127.8 -0.439368
128.16 -0.43718
128.52 -0.435035
128.88 -0.432935
129.24 -0.431
129.6 -0.428749
129.96 -0.42638
130.32 -0.424021
130.68 -0.42167
131.04 -0.419327
131.4 -0.416993
131.76 -0.414668
132.12 -0.412352
132.48 -0.410045
132.84 -0.407746
133.2 -0.405458
133.56 -0.403178
133.92 -0.400741
134.28 -0.398214
134.64 -0.395756
135 -0.393368
135.36 -0.390865
135.72 -0.388288
136.08 -0.385744
136.44 -0.383247
136.8 -0.380933
137.16 -0.378299
137.52 -0.375662
137.88 -0.373024
138.24 -0.370386
138.6 -0.367748
138.96 -0.365111
139.32 -0.362499
139.68 -0.360136
140.04 -0.357392
140.4 -0.35461
140.76 -0.351829
141.12 -0.349049
141.48 -0.34627
141.84 -0.343493
142.2 -0.340719
142.56 -0.338179
142.92 -0.335416
143.28 -0.332624
143.64 -0.329826
144 -0.326967
144.36 -0.324051
144.72 -0.321181
145.08 -0.318357
145.44 -0.315538
145.8 -0.31261
146.16 -0.309673
146.52 -0.306728
146.88 -0.303775
147.24 -0.300814
147.6 -0.297846
147.96 -0.29487
148.32 -0.291889
148.68 -0.288908
149.04 -0.286215
149.4 -0.28326
149.76 -0.280212
150.12 -0.277146
150.48 -0.274108
150.84 -0.271098
151.2 -0.268041
151.56 -0.264856
151.92 -0.261682
152.28 -0.258517
152.64 -0.255441
153 -0.252546
153.36 -0.249494
153.72 -0.246365
154.08 -0.243199
154.44 -0.240035
154.8 -0.236873
155.16 -0.233641
155.52 -0.23038
155.88 -0.227128
156.24 -0.223887
156.6 -0.22073
156.96 -0.217709
157.32 -0.214705
157.68 -0.21141
158.04 -0.208107
158.4 -0.204807
158.76 -0.201508
159.12 -0.19821
159.48 -0.194914
159.84 -0.191619
160.2 -0.188325
160.56 -0.185033
160.92 -0.181746
161.28 -0.178426
161.64 -0.175104
162 -0.17178
162.36 -0.168455
162.72 -0.165129
163.08 -0.161803
163.44 -0.158477
163.8 -0.155257
164.16 -0.151887
164.52 -0.148456
164.88 -0.145022
165.24 -0.141585
165.6 -0.138147
165.96 -0.134706
166.32 -0.131264
166.68 -0.128122
167.04 -0.124933
167.4 -0.121453
167.76 -0.11797
168.12 -0.114486
168.48 -0.111002
168.84 -0.107518
169.2 -0.104036
169.56 -0.100641
169.92 -0.0974818
170.28 -0.0939553
170.64 -0.0904456
171 -0.0869542
171.36 -0.0834825
171.72 -0.0800317
172.08 -0.0766033
172.44 -0.0731984
172.8 -0.0698154
173.16 -0.0663112
173.52 -0.0628042
173.88 -0.059294
174.24 -0.0557804
174.6 -0.052263
174.96 -0.0487632
175.32 -0.0452956
175.68 -0.0418164
176.04 -0.0383255
176.4 -0.0348226
176.76 -0.0313077
177.12 -0.0279851
177.48 -0.0245759
177.84 -0.0210722
178.2 -0.0175642
178.56 -0.0140521
178.92 -0.0105362
179.28 -0.00701664
179.64 -0.0034938
180 3.20633e-005
180.36 0.00356067
180.72 0.00709173
181.08 0.0106249
181.44 0.0140833
181.8 0.0175321
182.16 0.0209913
182.52 0.0244604
182.88 0.0279389
183.24 0.0314262
183.6 0.0349218
183.96 0.0384253
184.32 0.0419362
184.68 0.0454539
185.04 0.0489779
185.4 0.0525078
185.76 0.0558411
186.12 0.0591178
186.48 0.0625658
186.84 0.0660385
187.2 0.0695359
187.56 0.0730582
187.92 0.0766055
188.28 0.0801779
188.64 0.0837756
189 0.0872063
189.36 0.0905471
189.72 0.0939012
190.08 0.0972686
190.44 0.100643
190.8 0.104067
191.16 0.107495
191.52 0.110928
191.88 0.114363
192.24 0.117802
192.6 0.121244
192.96 0.124689
193.32 0.128136
193.68 0.131585
194.04 0.135036
194.4 0.138489
194.76 0.141749
195.12 0.144901
195.48 0.14823
195.84 0.151589
196.2 0.154979
196.56 0.1584
196.92 0.161851
197.28 0.165334
197.64 0.168847
198 0.172133
198.36 0.1753
198.72 0.178486
199.08 0.181692
199.44 0.184925
199.8 0.188218
200.16 0.191517
200.52 0.194819
200.88 0.198126
201.24 0.201437
201.6 0.204751
201.96 0.208068
202.32 0.211387
202.68 0.214642
203.04 0.217653
203.4 0.220682
203.76 0.223911
204.12 0.227155
204.48 0.23041
204.84 0.233675
205.2 0.236861
205.56 0.240028
205.92 0.243207
206.28 0.246397
206.64 0.249382
207 0.252429
207.36 0.255585
207.72 0.258746
208.08 0.261912
208.44 0.264908
208.8 0.26787
209.16 0.271015
209.52 0.27415
209.88 0.277273
210.24 0.280332
210.6 0.283095
210.96 0.285868
211.32 0.288852
211.68 0.29185
212.04 0.294844
212.4 0.297832
212.76 0.300816
213.12 0.303793
213.48 0.306763
213.84 0.309726
214.2 0.312681
214.56 0.315487
214.92 0.318324
215.28 0.321206
215.64 0.324134
216 0.32702
216.36 0.329833
216.72 0.33264
217.08 0.335441
217.44 0.338029
217.8 0.340698
218.16 0.343482
218.52 0.34627
218.88 0.349062
219.24 0.351857
219.6 0.354653
219.96 0.357452
220.32 0.360157
220.68 0.362526
221.04 0.365072
221.4 0.367676
221.76 0.37029
222.12 0.372914
222.48 0.375547
222.84 0.37819
223.2 0.380842
223.56 0.383437
223.92 0.385892
224.28 0.388325
224.64 0.390759
225 0.393194
225.36 0.395631
225.72 0.398068
226.08 0.400508
226.44 0.40295
226.8 0.405356
227.16 0.407728
227.52 0.410102
227.88 0.412476
228.24 0.41485
228.6 0.417222
228.96 0.419592
229.32 0.421957
229.68 0.424122
230.04 0.426216
230.4 0.428443
230.76 0.430673
231.12 0.432905
231.48 0.435138
231.84 0.437372
232.2 0.439604
232.56 0.441736
232.92 0.443657
233.28 0.445761
233.64 0.447867
234 0.449972
234.36 0.452078
234.72 0.454183
235.08 0.456287
235.44 0.458186
235.8 0.460053
236.16 0.461986
236.52 0.463913
236.88 0.465835
237.24 0.467752
237.6 0.469665
237.96 0.471573
238.32 0.473455
238.68 0.475148
239.04 0.476858
239.4 0.478585
239.76 0.480328
240.12 0.482086
240.48 0.483859
240.84 0.485646
241.2 0.487377
241.56 0.489007
241.92 0.490704
242.28 0.492375
242.64 0.494021
243 0.495643
243.36 0.497241
243.72 0.498815
244.08 0.500368
244.44 0.501762
244.8 0.503227
245.16 0.504684
245.52 0.506132
245.88 0.507573
246.24 0.509004
246.6 0.510427
246.96 0.511841
247.32 0.513189
247.68 0.514449
248.04 0.515713
248.4 0.516984
248.76 0.518262
249.12 0.519546
249.48 0.520837
249.84 0.522135
250.2 0.523441
250.56 0.52455
250.92 0.525594
251.28 0.526638
251.64 0.527684
252 0.528731
252.36 0.52978
252.72 0.530831
253.08 0.531883
253.44 0.532937
253.8 0.533994
254.16 0.535054
254.52 0.53612
254.88 0.537046
255.24 0.53775
255.6 0.538587
255.96 0.539459
256.32 0.540367
256.68 0.541309
257.04 0.542286
257.4 0.543298
257.76 0.544345
258.12 0.544679
258.48 0.545129
258.84 0.545711
259.2 0.546423
259.56 0.547001
259.92 0.5475
260.28 0.548002
260.64 0.548508
261 0.549016
261.36 0.549528
261.72 0.550044
262.08 0.550564
262.44 0.551089
262.8 0.551618
263.16 0.552152
263.52 0.552696
263.88 0.553131
264.24 0.553287
264.6 0.553577
264.96 0.553904
265.32 0.554266
265.68 0.554663
266.04 0.555096
266.4 0.555563
266.76 0.556066
267.12 0.555859
267.48 0.555765
267.84 0.555802
268.2 0.555968
268.56 0.556019
268.92 0.55599
269.28 0.55596
269.64 0.555927
270 0.555894
270.36 0.555859
270.72 0.555824
271.08 0.555788
271.44 0.555753
271.8 0.555718
272.16 0.555684
272.52 0.555658
272.88 0.555582
273.24 0.555162
273.6 0.55489
273.96 0.55466
274.32 0.554472
274.68 0.554327
275.04 0.554225
275.4 0.554165
275.76 0.554148
276.12 0.553619
276.48 0.552932
276.84 0.552246
277.2 0.551562
277.56 0.551099
277.92 0.550717
278.28 0.550356
278.64 0.550014
279 0.549692
279.36 0.54939
279.72 0.549002
280.08 0.548018
280.44 0.547096
280.8 0.546235
281.16 0.545435
281.52 0.544695
281.88 0.544092
282.24 0.543347
282.6 0.54252
282.96 0.541775
283.32 0.541051
283.68 0.540347
284.04 0.539664
284.4 0.539002
284.76 0.538361
285.12 0.53774
285.48 0.53671
285.84 0.535424
286.2 0.534217
286.56 0.53309
286.92 0.531992
287.28 0.530861
287.64 0.52974
288 0.52863
288.36 0.527529
288.72 0.526438
289.08 0.525357
289.44 0.524284
289.8 0.52322
290.16 0.522164
290.52 0.521116
290.88 0.520076
291.24 0.518791
291.6 0.517342
291.96 0.515892
292.32 0.514451
292.68 0.513019
293.04 0.511594
293.4 0.510177
293.76 0.508767
294.12 0.507363
294.48 0.505965
294.84 0.504572
295.2 0.503185
295.56 0.501767
295.92 0.500364
296.28 0.498981
296.64 0.49762
297 0.496095
297.36 0.49436
297.72 0.492645
298.08 0.490919
298.44 0.489157
298.8 0.487395
299.16 0.485633
299.52 0.483872
299.88 0.482194
300.24 0.480485
300.6 0.478629
300.96 0.476842
301.32 0.475073
301.68 0.473324
302.04 0.471592
302.4 0.46988
302.76 0.468185
303.12 0.46651
303.48 0.46452
303.84 0.462294
304.2 0.460083
304.56 0.457886
304.92 0.455832
305.28 0.453847
305.64 0.451854
306 0.449852
306.36 0.447842
306.72 0.445821
307.08 0.443792
307.44 0.441752
307.8 0.43962
308.16 0.437371
308.52 0.435126
308.88 0.432886
309.24 0.430649
309.6 0.428416
309.96 0.426187
310.32 0.423984
310.68 0.422007
311.04 0.419693
311.4 0.417333
311.76 0.414961
312.12 0.412577
312.48 0.410183
312.84 0.407778
313.2 0.405364
313.56 0.403181
313.92 0.400686
314.28 0.39819
314.64 0.395692
315 0.393195
315.36 0.390699
315.72 0.388204
316.08 0.385713
316.44 0.383206
316.8 0.380633
317.16 0.378063
317.52 0.375494
317.88 0.372927
318.24 0.370362
318.6 0.367799
318.96 0.365237
319.32 0.362676
319.68 0.360026
320.04 0.35725
320.4 0.354482
320.76 0.351723
321.12 0.348974
321.48 0.346234
321.84 0.343504
322.2 0.340784
322.56 0.338283
322.92 0.335616
323.28 0.332705
323.64 0.329796
324 0.326889
324.36 0.323985
324.72 0.321084
325.08 0.318187
325.44 0.315328
325.8 0.312706
326.16 0.309839
326.52 0.306932
326.88 0.304018
327.24 0.301087
327.6 0.29808
327.96 0.29505
328.32 0.291997
328.68 0.28892
329.04 0.285953
329.4 0.282971
329.76 0.279979
330.12 0.276978
330.48 0.273966
330.84 0.270945
331.2 0.267913
331.56 0.264871
331.92 0.261889
332.28 0.258723
332.64 0.255556
333 0.252389
333.36 0.249222
333.72 0.246055
334.08 0.242889
334.44 0.239746
334.8 0.236944
335.16 0.233821
335.52 0.230554
335.88 0.227287
336.24 0.224023
336.6 0.220762
336.96 0.217504
337.32 0.214251
337.68 0.211213
338.04 0.208116
338.4 0.204792
338.76 0.20147
339.12 0.198153
339.48 0.194842
339.84 0.191537
340.2 0.188239
340.56 0.184951
340.92 0.181706
341.28 0.178468
341.64 0.175251
342 0.172054
342.36 0.16888
342.72 0.165416
343.08 0.161949
343.44 0.158499
343.8 0.155064
344.16 0.151644
344.52 0.14824
344.88 0.14485
345.24 0.14168
345.6 0.138424
345.96 0.134983
346.32 0.131545
346.68 0.128109
347.04 0.124677
347.4 0.121248
347.76 0.117823
348.12 0.114403
348.48 0.110987
348.84 0.107577
349.2 0.104173
349.56 0.100775
349.92 0.09738
350.28 0.0939103
350.64 0.0904391
351 0.0869669
351.36 0.0834944
351.72 0.0800224
352.08 0.0765515
352.44 0.0730824
352.8 0.0696157
353.16 0.0661521
353.52 0.0626923
353.88 0.0593462
354.24 0.0560788
354.6 0.0525199
354.96 0.0489711
355.32 0.0454327
355.68 0.041905
356.04 0.0383883
356.4 0.0348829
356.76 0.0313889
357.12 0.0279066
357.48 0.0244362
357.84 0.0209779
358.2 0.017532
358.56 0.014055
358.92 0.0105333
359.28 0.00702324
359.64 0.00352518
360 -1.61998e-006
BN3 []
__settings__ -1 8 2 0 1 1
