B_rad vs Angle
Distance*360/2/pi/17.5e-3 [meter]
BN3 []
__cartesian__ 0 0 0.000000 -0.475531 360.000000 0.475519
__settings__ 1 0 0 0 11 11 0 0 0 0
0 0.000316212
0.36 -0.0131847
0.72 -0.0268958
1.08 -0.0405263
1.44 -0.0527304
1.8 -0.06587
2.16 -0.0791917
2.52 -0.0923752
2.88 -0.103904
3.24 -0.115619
3.6 -0.127841
3.96 -0.139882
4.32 -0.150646
4.68 -0.160895
5.04 -0.171536
5.4 -0.181984
5.76 -0.192073
6.12 -0.201424
6.48 -0.210506
6.84 -0.219409
7.2 -0.228042
7.56 -0.236077
7.92 -0.243938
8.28 -0.251582
8.64 -0.25901
9 -0.266063
9.36 -0.272815
9.72 -0.279443
10.08 -0.28595
10.44 -0.292087
10.8 -0.297775
11.16 -0.303383
11.52 -0.308912
11.88 -0.31436
12.24 -0.319728
12.6 -0.324904
12.96 -0.329407
13.32 -0.3338
13.68 -0.338129
14.04 -0.342393
14.4 -0.346592
14.76 -0.350764
15.12 -0.354387
15.48 -0.358096
15.84 -0.361799
16.2 -0.365476
16.56 -0.368805
16.92 -0.371895
17.28 -0.37499
17.64 -0.378094
18 -0.381077
18.36 -0.383865
18.72 -0.386614
19.08 -0.389319
19.44 -0.391905
19.8 -0.394372
20.16 -0.396804
20.52 -0.399201
20.88 -0.401562
21.24 -0.40378
21.6 -0.405896
21.96 -0.407941
22.32 -0.40997
22.68 -0.411982
23.04 -0.413846
23.4 -0.41568
23.76 -0.417439
24.12 -0.41915
24.48 -0.420858
24.84 -0.422479
25.2 -0.424033
25.56 -0.425583
25.92 -0.427023
26.28 -0.428466
26.64 -0.429873
27 -0.431202
27.36 -0.432537
27.72 -0.433789
28.08 -0.435008
28.44 -0.436234
28.8 -0.437391
29.16 -0.438539
29.52 -0.439608
29.88 -0.440595
30.24 -0.441592
30.6 -0.442643
30.96 -0.443767
31.32 -0.444628
31.68 -0.445487
32.04 -0.446344
32.4 -0.447199
32.76 -0.448095
33.12 -0.448908
33.48 -0.449659
33.84 -0.450408
34.2 -0.451155
34.56 -0.4519
34.92 -0.452583
35.28 -0.453218
35.64 -0.453854
36 -0.454492
36.36 -0.455131
36.72 -0.455772
37.08 -0.456413
37.44 -0.457047
37.8 -0.457584
38.16 -0.458057
38.52 -0.45854
38.88 -0.459033
39.24 -0.459536
39.6 -0.460048
39.96 -0.460571
40.32 -0.461094
40.68 -0.461529
41.04 -0.461886
41.4 -0.462246
41.76 -0.462617
42.12 -0.463
42.48 -0.463393
42.84 -0.463798
43.2 -0.464214
43.56 -0.464571
43.92 -0.46485
44.28 -0.465131
44.64 -0.46542
45 -0.465719
45.36 -0.466026
45.72 -0.466342
46.08 -0.466667
46.44 -0.466951
46.8 -0.467182
47.16 -0.467423
47.52 -0.467674
47.88 -0.467934
48.24 -0.468204
48.6 -0.468444
48.96 -0.46864
49.32 -0.468845
49.68 -0.469059
50.04 -0.469282
50.4 -0.469512
50.76 -0.469723
51.12 -0.469842
51.48 -0.469976
51.84 -0.470127
52.2 -0.470294
52.56 -0.470476
52.92 -0.470674
53.28 -0.470887
53.64 -0.471114
54 -0.471233
54.36 -0.471306
54.72 -0.471401
55.08 -0.471519
55.44 -0.47166
55.8 -0.471803
56.16 -0.471943
56.52 -0.472081
56.88 -0.472215
57.24 -0.472317
57.6 -0.472382
57.96 -0.472485
58.32 -0.472612
58.68 -0.472764
59.04 -0.47294
59.4 -0.47298
59.76 -0.47301
60.12 -0.473049
60.48 -0.473105
60.84 -0.473177
61.2 -0.473266
61.56 -0.473371
61.92 -0.473492
62.28 -0.47363
62.64 -0.47375
63 -0.473809
63.36 -0.473883
63.72 -0.473897
64.08 -0.473895
64.44 -0.47391
64.8 -0.473941
65.16 -0.473989
65.52 -0.474054
65.88 -0.474136
66.24 -0.474235
66.6 -0.474341
66.96 -0.474439
67.32 -0.474409
67.68 -0.474405
68.04 -0.474424
68.4 -0.474469
68.76 -0.47455
69.12 -0.474594
69.48 -0.474612
69.84 -0.474633
70.2 -0.474658
70.56 -0.474686
70.92 -0.474713
71.28 -0.474737
71.64 -0.47477
72 -0.474812
72.36 -0.474863
72.72 -0.474922
73.08 -0.474917
73.44 -0.474934
73.8 -0.474966
74.16 -0.475013
74.52 -0.475076
74.88 -0.475154
75.24 -0.475137
75.6 -0.475069
75.96 -0.47502
76.32 -0.474989
76.68 -0.474977
77.04 -0.474984
77.4 -0.47501
77.76 -0.475055
78.12 -0.475119
78.48 -0.475202
78.84 -0.475305
79.2 -0.475428
79.56 -0.475384
79.92 -0.475305
80.28 -0.475249
80.64 -0.475216
81 -0.475205
81.36 -0.475217
81.72 -0.475251
82.08 -0.475308
82.44 -0.475387
82.8 -0.475474
83.16 -0.47548
83.52 -0.475417
83.88 -0.475368
84.24 -0.475338
84.6 -0.475327
84.96 -0.475334
85.32 -0.475359
85.68 -0.475401
86.04 -0.475462
86.4 -0.47553
86.76 -0.47552
87.12 -0.475524
87.48 -0.475485
87.84 -0.475433
88.2 -0.475398
88.56 -0.475379
88.92 -0.475376
89.28 -0.47539
89.64 -0.47542
90 -0.475468
90.36 -0.475518
90.72 -0.475531
91.08 -0.475467
91.44 -0.475426
91.8 -0.475408
92.16 -0.475414
92.52 -0.475457
92.88 -0.475434
93.24 -0.475416
93.6 -0.475403
93.96 -0.475396
94.32 -0.475392
94.68 -0.475384
95.04 -0.475383
95.4 -0.475389
95.76 -0.475401
96.12 -0.47542
96.48 -0.47536
96.84 -0.475343
97.2 -0.47535
97.56 -0.475382
97.92 -0.475439
98.28 -0.475427
98.64 -0.475363
99 -0.475301
99.36 -0.475256
99.72 -0.475229
100.08 -0.475219
100.44 -0.475227
100.8 -0.475251
101.16 -0.475293
101.52 -0.475352
101.88 -0.475327
102.24 -0.475314
102.6 -0.47528
102.96 -0.475195
103.32 -0.475128
103.68 -0.475078
104.04 -0.475044
104.4 -0.475028
104.76 -0.475029
105.12 -0.475048
105.48 -0.475082
105.84 -0.475116
106.2 -0.475048
106.56 -0.474965
106.92 -0.474906
107.28 -0.474873
107.64 -0.474867
108 -0.474871
108.36 -0.474818
108.72 -0.47477
109.08 -0.474729
109.44 -0.474693
109.8 -0.474662
110.16 -0.474628
110.52 -0.474598
110.88 -0.474571
111.24 -0.474548
111.6 -0.474497
111.96 -0.474429
112.32 -0.474391
112.68 -0.474374
113.04 -0.47438
113.4 -0.474362
113.76 -0.474257
114.12 -0.474154
114.48 -0.474066
114.84 -0.473995
115.2 -0.473939
115.56 -0.473898
115.92 -0.473874
116.28 -0.473864
116.64 -0.473859
117 -0.473785
117.36 -0.473726
117.72 -0.473596
118.08 -0.47347
118.44 -0.473358
118.8 -0.473262
119.16 -0.473181
119.52 -0.473116
119.88 -0.473066
120.24 -0.473032
120.6 -0.473
120.96 -0.472876
121.32 -0.472726
121.68 -0.472597
122.04 -0.472491
122.4 -0.472413
122.76 -0.472318
123.12 -0.472191
123.48 -0.472062
123.84 -0.471934
124.2 -0.471804
124.56 -0.471657
124.92 -0.471506
125.28 -0.471365
125.64 -0.471232
126 -0.471109
126.36 -0.470994
126.72 -0.470888
127.08 -0.470712
127.44 -0.47053
127.8 -0.470356
128.16 -0.470192
128.52 -0.470036
128.88 -0.469889
129.24 -0.469694
129.6 -0.46946
129.96 -0.469236
130.32 -0.469023
130.68 -0.468822
131.04 -0.468633
131.4 -0.468457
131.76 -0.46822
132.12 -0.467939
132.48 -0.467671
132.84 -0.467418
133.2 -0.467179
133.56 -0.466956
133.92 -0.466676
134.28 -0.46635
134.64 -0.466033
135 -0.465726
135.36 -0.465428
135.72 -0.46514
136.08 -0.464863
136.44 -0.464588
136.8 -0.464227
137.16 -0.463801
137.52 -0.463389
137.88 -0.462992
138.24 -0.462609
138.6 -0.462242
138.96 -0.461889
139.32 -0.461543
139.68 -0.461107
140.04 -0.460582
140.4 -0.460057
140.76 -0.459542
141.12 -0.459037
141.48 -0.458541
141.84 -0.458056
142.2 -0.457581
142.56 -0.457041
142.92 -0.456405
143.28 -0.455763
143.64 -0.455123
144 -0.454486
144.36 -0.453852
144.72 -0.453222
145.08 -0.452597
145.44 -0.451913
145.8 -0.451159
146.16 -0.450407
146.52 -0.449656
146.88 -0.448907
147.24 -0.448075
147.6 -0.447198
147.96 -0.446348
148.32 -0.445496
148.68 -0.444642
149.04 -0.443737
149.4 -0.442597
149.76 -0.441569
150.12 -0.440552
150.48 -0.439544
150.84 -0.438611
151.2 -0.437438
151.56 -0.436196
151.92 -0.434967
152.28 -0.433753
152.64 -0.432595
153 -0.431277
153.36 -0.429821
153.72 -0.428372
154.08 -0.42693
154.44 -0.425554
154.8 -0.424084
155.16 -0.4224
155.52 -0.420788
155.88 -0.419148
156.24 -0.417468
156.6 -0.415689
156.96 -0.413866
157.32 -0.411879
157.68 -0.409879
158.04 -0.407867
158.4 -0.405923
158.76 -0.403761
159.12 -0.401458
159.48 -0.399133
159.84 -0.396789
160.2 -0.394427
160.56 -0.391913
160.92 -0.389303
161.28 -0.386639
161.64 -0.383921
162 -0.381081
162.36 -0.378088
162.72 -0.375032
163.08 -0.371918
163.44 -0.368676
163.8 -0.365283
164.16 -0.361868
164.52 -0.358379
164.88 -0.354581
165.24 -0.35065
165.6 -0.346657
165.96 -0.342616
166.32 -0.338338
166.68 -0.333879
167.04 -0.329273
167.4 -0.324566
167.76 -0.319687
168.12 -0.314577
168.48 -0.309167
168.84 -0.303618
169.2 -0.29803
169.56 -0.292235
169.92 -0.285924
170.28 -0.279471
170.64 -0.272878
171 -0.266167
171.36 -0.258858
171.72 -0.251491
172.08 -0.244072
172.44 -0.236211
172.8 -0.227549
173.16 -0.218713
173.52 -0.209705
173.88 -0.200527
174.24 -0.191183
174.6 -0.181674
174.96 -0.172503
175.32 -0.161508
175.68 -0.150407
176.04 -0.139066
176.4 -0.12748
176.76 -0.115643
177.12 -0.103898
177.48 -0.091872
177.84 -0.0793237
178.2 -0.0666549
178.56 -0.0531798
178.92 -0.039712
179.28 -0.0269449
179.64 -0.0134476
180 0.000100419
180.36 0.013304
180.72 0.0262261
181.08 0.0397946
181.44 0.0534368
181.8 0.0667614
182.16 0.0790689
182.52 0.0913641
182.88 0.103649
183.24 0.115924
183.6 0.128192
183.96 0.139388
184.32 0.150216
184.68 0.160923
185.04 0.171513
185.4 0.181987
185.76 0.192324
186.12 0.201522
186.48 0.210175
186.84 0.218826
187.2 0.227396
187.56 0.235884
187.92 0.244287
188.28 0.252089
188.64 0.259005
189 0.265846
189.36 0.272611
189.72 0.279299
190.08 0.28591
190.44 0.292128
190.8 0.297874
191.16 0.303514
191.52 0.309045
191.88 0.314461
192.24 0.319445
192.6 0.324441
192.96 0.32962
193.32 0.334442
193.68 0.338413
194.04 0.342414
194.4 0.346443
194.76 0.350638
195.12 0.354476
195.48 0.358139
195.84 0.361737
196.2 0.365269
196.56 0.368737
196.92 0.371759
197.28 0.374912
197.64 0.378122
198 0.381389
198.36 0.384527
198.72 0.386895
199.08 0.389329
199.44 0.391829
199.8 0.394355
200.16 0.396762
200.52 0.399156
200.88 0.401537
201.24 0.403843
201.6 0.40607
201.96 0.408171
202.32 0.409972
202.68 0.411795
203.04 0.41364
203.4 0.415615
203.76 0.417565
204.12 0.419124
204.48 0.42064
204.84 0.422272
205.2 0.423962
205.56 0.425687
205.92 0.427068
206.28 0.428379
206.64 0.429754
207 0.431198
207.36 0.432542
207.72 0.433773
208.08 0.434991
208.44 0.436208
208.8 0.437396
209.16 0.438536
209.52 0.439642
209.88 0.440614
210.24 0.441598
210.6 0.442595
210.96 0.443732
211.32 0.44464
211.68 0.445495
212.04 0.446347
212.4 0.447197
212.76 0.448072
213.12 0.448904
213.48 0.449653
213.84 0.450407
214.2 0.451166
214.56 0.451929
214.92 0.452608
215.28 0.45322
215.64 0.45384
216 0.454468
216.36 0.455103
216.72 0.455746
217.08 0.456395
217.44 0.45705
217.8 0.457634
218.16 0.458105
218.52 0.458567
218.88 0.459039
219.24 0.459522
219.6 0.460016
219.96 0.46052
220.32 0.461034
220.68 0.461518
221.04 0.461943
221.4 0.462283
221.76 0.462635
222.12 0.462998
222.48 0.463374
222.84 0.463761
223.2 0.46416
223.56 0.464564
223.92 0.46494
224.28 0.465186
224.64 0.465446
225 0.46572
225.36 0.466008
225.72 0.46631
226.08 0.466626
226.44 0.466956
226.8 0.467265
227.16 0.467457
227.52 0.467663
227.88 0.467882
228.24 0.468116
228.6 0.468363
228.96 0.468623
229.32 0.468898
229.68 0.469148
230.04 0.469327
230.4 0.46947
230.76 0.469628
231.12 0.4698
231.48 0.469986
231.84 0.470187
232.2 0.470402
232.56 0.470613
232.92 0.470807
233.28 0.470897
233.64 0.471001
234 0.47112
234.36 0.471252
234.72 0.471397
235.08 0.471557
235.44 0.471731
235.8 0.471903
236.16 0.471984
236.52 0.472052
236.88 0.472133
237.24 0.472229
237.6 0.472338
237.96 0.472462
238.32 0.4726
238.68 0.472753
239.04 0.472814
239.4 0.472874
239.76 0.472945
240.12 0.473027
240.48 0.47312
240.84 0.473225
241.2 0.473341
241.56 0.47344
241.92 0.473495
242.28 0.473532
242.64 0.473583
243 0.473649
243.36 0.473729
243.72 0.473822
244.08 0.47393
244.44 0.474022
244.8 0.474067
245.16 0.474072
245.52 0.474092
245.88 0.474127
246.24 0.474176
246.6 0.47424
246.96 0.474319
247.32 0.474397
247.68 0.474436
248.04 0.474441
248.4 0.474455
248.76 0.47448
249.12 0.474515
249.48 0.47456
249.84 0.474615
250.2 0.47468
250.56 0.474694
250.92 0.4747
251.28 0.474719
251.64 0.474751
252 0.474796
252.36 0.474854
252.72 0.474925
253.08 0.474935
253.44 0.474941
253.8 0.474959
254.16 0.474988
254.52 0.475029
254.88 0.475081
255.24 0.475094
255.6 0.475078
255.96 0.475076
256.32 0.475089
256.68 0.475115
257.04 0.475156
257.4 0.475212
257.76 0.47522
258.12 0.475197
258.48 0.475191
258.84 0.475204
259.2 0.475237
259.56 0.475289
259.92 0.475287
260.28 0.475256
260.64 0.475252
261 0.475276
261.36 0.475328
261.72 0.475409
262.08 0.475519
262.44 0.475492
262.8 0.475403
263.16 0.475348
263.52 0.475327
263.88 0.475364
264.24 0.475434
264.6 0.475376
264.96 0.475357
265.32 0.475384
265.68 0.475439
266.04 0.475424
266.4 0.475403
266.76 0.475399
267.12 0.475402
267.48 0.475413
267.84 0.475431
268.2 0.475455
268.56 0.475438
268.92 0.475418
269.28 0.47541
269.64 0.475414
270 0.47543
270.36 0.475459
270.72 0.475448
271.08 0.475425
271.44 0.475414
271.8 0.475413
272.16 0.475424
272.52 0.475445
272.88 0.475457
273.24 0.475418
273.6 0.475393
273.96 0.475386
274.32 0.475395
274.68 0.475422
275.04 0.475467
275.4 0.475483
275.76 0.475414
276.12 0.475359
276.48 0.475318
276.84 0.475291
277.2 0.475278
277.56 0.475279
277.92 0.475299
278.28 0.475331
278.64 0.475376
279 0.475433
279.36 0.475391
279.72 0.475313
280.08 0.475254
280.44 0.475212
280.8 0.475189
281.16 0.475185
281.52 0.475201
281.88 0.475232
282.24 0.475248
282.6 0.475218
282.96 0.475197
283.32 0.475185
283.68 0.475183
284.04 0.47519
284.4 0.475154
284.76 0.475058
285.12 0.474986
285.48 0.474938
285.84 0.474915
286.2 0.474918
286.56 0.474946
286.92 0.47492
287.28 0.474859
287.64 0.474819
288 0.474799
288.36 0.474799
288.72 0.474818
289.08 0.474804
289.44 0.474732
289.8 0.474679
290.16 0.474645
290.52 0.474631
290.88 0.474638
291.24 0.474562
291.6 0.474485
291.96 0.474431
292.32 0.474398
292.68 0.474386
293.04 0.474393
293.4 0.474329
293.76 0.474229
294.12 0.474144
294.48 0.474075
294.84 0.474022
295.2 0.473986
295.56 0.473923
295.92 0.473852
296.28 0.473789
296.64 0.473734
297 0.473686
297.36 0.473645
297.72 0.473561
298.08 0.473472
298.44 0.473393
298.8 0.473323
299.16 0.473263
299.52 0.473211
299.88 0.473105
300.24 0.472963
300.6 0.47284
300.96 0.472735
301.32 0.472649
301.68 0.47258
302.04 0.472528
302.4 0.472493
302.76 0.4724
303.12 0.472213
303.48 0.472047
303.84 0.471903
304.2 0.471781
304.56 0.471641
304.92 0.471497
305.28 0.47136
305.64 0.471232
306 0.471111
306.36 0.470999
306.72 0.470893
307.08 0.470796
307.44 0.470596
307.8 0.470379
308.16 0.470172
308.52 0.469981
308.88 0.469803
309.24 0.469639
309.6 0.46949
309.96 0.469355
310.32 0.469152
310.68 0.468903
311.04 0.468635
311.4 0.468379
311.76 0.468138
312.12 0.46791
312.48 0.467695
312.84 0.467495
313.2 0.467291
313.56 0.467001
313.92 0.466655
314.28 0.466323
314.64 0.466006
315 0.465705
315.36 0.465418
315.72 0.465146
316.08 0.46489
316.44 0.464567
316.8 0.464149
317.16 0.463742
317.52 0.463347
317.88 0.462964
318.24 0.462593
318.6 0.462234
318.96 0.461887
319.32 0.461497
319.68 0.461034
320.04 0.460517
320.4 0.460012
320.76 0.459518
321.12 0.459035
321.48 0.458563
321.84 0.458103
322.2 0.457656
322.56 0.457108
322.92 0.456498
323.28 0.455826
323.64 0.455164
324 0.454512
324.36 0.45387
324.72 0.453238
325.08 0.452617
325.44 0.451993
325.8 0.451289
326.16 0.450464
326.52 0.449622
326.88 0.448779
327.24 0.447937
327.6 0.447094
327.96 0.446252
328.32 0.44541
328.68 0.444569
329.04 0.443609
329.4 0.442641
329.76 0.441671
330.12 0.440699
330.48 0.439597
330.84 0.438451
331.2 0.437288
331.56 0.436108
331.92 0.434925
332.28 0.433749
332.64 0.432533
333 0.431276
333.36 0.429897
333.72 0.428425
334.08 0.426935
334.44 0.425428
334.8 0.42394
335.16 0.422422
335.52 0.420831
335.88 0.419167
336.24 0.417412
336.6 0.415601
336.96 0.413778
337.32 0.411899
337.68 0.409963
338.04 0.407912
338.4 0.405849
338.76 0.403711
339.12 0.401499
339.48 0.399152
339.84 0.396794
340.2 0.394392
340.56 0.391946
340.92 0.38933
341.28 0.386609
341.64 0.383862
342 0.38109
342.36 0.378236
342.72 0.375057
343.08 0.371875
343.44 0.36872
343.8 0.365495
344.16 0.361842
344.52 0.358118
344.88 0.354331
345.24 0.350683
345.6 0.346522
345.96 0.342346
346.32 0.338103
346.68 0.333796
347.04 0.329424
347.4 0.324941
347.76 0.319732
348.12 0.314324
348.48 0.308866
348.84 0.303359
349.2 0.297806
349.56 0.292206
349.92 0.286046
350.28 0.279565
350.64 0.273144
351 0.266169
351.36 0.258955
351.72 0.251869
352.08 0.244438
352.44 0.236059
352.8 0.227549
353.16 0.218912
353.52 0.210149
353.88 0.201387
354.24 0.192208
354.6 0.181972
354.96 0.171553
355.32 0.160968
355.68 0.150214
356.04 0.139287
356.4 0.128216
356.76 0.116069
357.12 0.103788
357.48 0.0913688
357.84 0.0788077
358.2 0.0661011
358.56 0.05323
358.92 0.0401508
359.28 0.0267211
359.64 0.013019
360 0.000316212
BN3 []
__settings__ -1 8 2 0 1 1
